//Line 12
0.42, 0.83, 0.49, 0.59, 0.91, 0.64, 0.42, 0.83, 0.49, 0.23, 0.67, 0.3, 0.33, 0.79, 0.4, 0.17, 0.58, 0.24, 0.23, 0.67, 0.3, 0.33, 0.79, 0.4, 0.59, 0.91, 0.64, 0.42, 0.83, 0.49, 0.23, 0.67, 0.3, 0.59, 0.91, 0.64, 
//Line 11
0.59, 0.91, 0.64, 0.17, 0.58, 0.24, 0.17, 0.58, 0.24, 0.23, 0.67, 0.3, 0.33, 0.79, 0.4, 0.23, 0.67, 0.3, 0.33, 0.79, 0.4, 0.42, 0.83, 0.49, 0.42, 0.83, 0.49, 0.23, 0.67, 0.3, 0.59, 0.91, 0.64, 0.42, 0.83, 0.49, 
//Line 10
0.23, 0.67, 0.3, 0.42, 0.83, 0.49, 0.33, 0.79, 0.4, 0.33, 0.79, 0.4, 0.23, 0.67, 0.3, 0.33, 0.79, 0.4, 
//Line 9
0.33, 0.79, 0.4, 0.59, 0.91, 0.64, 0.59, 0.91, 0.64, 0.59, 0.91, 0.64, 0.42, 0.83, 0.49, 0.33, 0.79, 0.4, 0.23, 0.67, 0.3, 0.59, 0.91, 0.64, 0.17, 0.58, 0.24, 0.23, 0.67, 0.3, 0.33, 0.79, 0.4, 0.42, 0.83, 0.49, 0.17, 0.58, 0.24, 0.59, 0.91, 0.64, 0.17, 0.58, 0.24, 0.59, 0.91, 0.64, 0.17, 0.58, 0.24, 0.17, 0.58, 0.24, 
//Line 8
0.42, 0.83, 0.49, 0.23, 0.67, 0.3, 0.23, 0.67, 0.3, 0.17, 0.58, 0.24, 0.59, 0.91, 0.64, 0.23, 0.67, 0.3, 
//Line 7
0.59, 0.91, 0.64, 0.17, 0.58, 0.24, 0.17, 0.58, 0.24, 0.42, 0.83, 0.49, 0.42, 0.83, 0.49, 0.33, 0.79, 0.4, 0.42, 0.83, 0.49, 0.17, 0.58, 0.24, 0.17, 0.58, 0.24, 0.33, 0.79, 0.4, 0.33, 0.79, 0.4, 0.42, 0.83, 0.49, 0.23, 0.67, 0.3, 0.59, 0.91, 0.64, 0.33, 0.79, 0.4, 0.42, 0.83, 0.49, 0.33, 0.79, 0.4, 0.23, 0.67, 0.3, 
//Line 6
0.42, 0.83, 0.49, 0.33, 0.79, 0.4, 0.17, 0.58, 0.24, 0.33, 0.79, 0.4, 0.33, 0.79, 0.4, 0.17, 0.58, 0.24, 0.42, 0.83, 0.49, 0.59, 0.91, 0.64, 0.17, 0.58, 0.24, 0.17, 0.58, 0.24, 0.17, 0.58, 0.24, 0.33, 0.79, 0.4, 
//Line 5
0.59, 0.91, 0.64, 0.23, 0.67, 0.3, 0.42, 0.83, 0.49, 0.23, 0.67, 0.3, 0.17, 0.58, 0.24, 0.23, 0.67, 0.3, 0.42, 0.83, 0.49, 0.42, 0.83, 0.49, 0.17, 0.58, 0.24, 0.42, 0.83, 0.49, 0.17, 0.58, 0.24, 0.23, 0.67, 0.3, 0.59, 0.91, 0.64, 0.59, 0.91, 0.64, 0.33, 0.79, 0.4, 0.17, 0.58, 0.24, 0.33, 0.79, 0.4, 0.23, 0.67, 0.3, 
//Line 4
0.17, 0.58, 0.24, 0.33, 0.79, 0.4, 0.42, 0.83, 0.49, 0.42, 0.83, 0.49, 0.17, 0.58, 0.24, 0.23, 0.67, 0.3, 0.17, 0.58, 0.24, 0.33, 0.79, 0.4, 0.23, 0.67, 0.3, 0.33, 0.79, 0.4, 0.42, 0.83, 0.49, 0.23, 0.67, 0.3, 
//Line 3
0.23, 0.67, 0.3, 0.17, 0.58, 0.24, 0.17, 0.58, 0.24, 0.17, 0.58, 0.24, 0.23, 0.67, 0.3, 0.42, 0.83, 0.49, 0.23, 0.67, 0.3, 0.23, 0.67, 0.3, 0.42, 0.83, 0.49, 0.17, 0.58, 0.24, 0.23, 0.67, 0.3, 0.33, 0.79, 0.4, 
//Line 2
0.59, 0.91, 0.64, 0.59, 0.91, 0.64, 0.23, 0.67, 0.3, 0.23, 0.67, 0.3, 0.33, 0.79, 0.4, 0.33, 0.79, 0.4, 0.42, 0.83, 0.49, 0.23, 0.67, 0.3, 0.59, 0.91, 0.64, 0.17, 0.58, 0.24, 0.33, 0.79, 0.4, 0.33, 0.79, 0.4, 0.23, 0.67, 0.3, 0.33, 0.79, 0.4, 0.33, 0.79, 0.4, 0.59, 0.91, 0.64, 0.23, 0.67, 0.3, 0.23, 0.67, 0.3, 0.59, 0.91, 0.64, 0.59, 0.91, 0.64, 0.42, 0.83, 0.49, 0.59, 0.91, 0.64, 0.17, 0.58, 0.24, 0.17, 0.58, 0.24, 
//Line 1
0.23, 0.67, 0.3, 0.23, 0.67, 0.3, 0.42, 0.83, 0.49, 0.42, 0.83, 0.49, 0.42, 0.83, 0.49, 0.59, 0.91, 0.64, 
//Line 0
0.33, 0.79, 0.4, 0.33, 0.79, 0.4, 0.17, 0.58, 0.24, 0.42, 0.83, 0.49, 0.23, 0.67, 0.3, 0.17, 0.58, 0.24, 0.23, 0.67, 0.3, 0.33, 0.79, 0.4, 0.33, 0.79, 0.4, 0.17, 0.58, 0.24, 0.23, 0.67, 0.3, 0.59, 0.91, 0.64, 


//=================================================

//Line 0
1.0, 0.76, 0.41, 1.0, 0.9, 0.75, 1.0, 0.83, 0.57, 1.0, 0.9, 0.75, 1.0, 0.69, 0.22, 1.0, 0.83, 0.57, 
//Line 1
1.0, 0.69, 0.22, 1.0, 0.9, 0.75, 0.95, 0.61, 0.09, 1.0, 0.69, 0.22, 1.0, 0.83, 0.57, 1.0, 0.9, 0.75, 0.95, 0.61, 0.09, 1.0, 0.9, 0.75, 1.0, 0.9, 0.75, 1.0, 0.76, 0.41, 1.0, 0.69, 0.22, 1.0, 0.76, 0.41, 1.0, 0.76, 0.41, 1.0, 0.83, 0.57, 1.0, 0.76, 0.41, 0.95, 0.61, 0.09, 1.0, 0.69, 0.22, 0.95, 0.61, 0.09, 1.0, 0.76, 0.41, 1.0, 0.76, 0.41, 0.95, 0.61, 0.09, 1.0, 0.9, 0.75, 0.95, 0.61, 0.09, 1.0, 0.9, 0.75, 
//Line 2
1.0, 0.76, 0.41, 1.0, 0.9, 0.75, 1.0, 0.83, 0.57, 1.0, 0.69, 0.22, 1.0, 0.83, 0.57, 1.0, 0.76, 0.41, 1.0, 0.83, 0.57, 1.0, 0.9, 0.75, 1.0, 0.76, 0.41, 1.0, 0.83, 0.57, 1.0, 0.76, 0.41, 1.0, 0.9, 0.75, 
//Line 3
1.0, 0.9, 0.75, 0.95, 0.61, 0.09, 1.0, 0.9, 0.75, 0.95, 0.61, 0.09, 1.0, 0.9, 0.75, 1.0, 0.76, 0.41, 1.0, 0.9, 0.75, 0.95, 0.61, 0.09, 1.0, 0.9, 0.75, 1.0, 0.69, 0.22, 1.0, 0.9, 0.75, 1.0, 0.76, 0.41, 
//Line 4
1.0, 0.83, 0.57, 1.0, 0.83, 0.57, 1.0, 0.9, 0.75, 1.0, 0.83, 0.57, 1.0, 0.83, 0.57, 1.0, 0.69, 0.22, 
//Line 5
1.0, 0.9, 0.75, 1.0, 0.69, 0.22, 1.0, 0.9, 0.75, 1.0, 0.69, 0.22, 1.0, 0.83, 0.57, 1.0, 0.76, 0.41, 1.0, 0.69, 0.22, 0.95, 0.61, 0.09, 1.0, 0.69, 0.22, 1.0, 0.69, 0.22, 0.95, 0.61, 0.09, 1.0, 0.83, 0.57, 0.95, 0.61, 0.09, 1.0, 0.76, 0.41, 0.95, 0.61, 0.09, 1.0, 0.76, 0.41, 0.95, 0.61, 0.09, 1.0, 0.9, 0.75, 
//Line 6
1.0, 0.76, 0.41, 1.0, 0.83, 0.57, 1.0, 0.69, 0.22, 0.95, 0.61, 0.09, 1.0, 0.76, 0.41, 1.0, 0.9, 0.75, 1.0, 0.69, 0.22, 1.0, 0.69, 0.22, 1.0, 0.76, 0.41, 1.0, 0.83, 0.57, 0.95, 0.61, 0.09, 1.0, 0.69, 0.22, 1.0, 0.83, 0.57, 1.0, 0.83, 0.57, 0.95, 0.61, 0.09, 1.0, 0.83, 0.57, 1.0, 0.9, 0.75, 1.0, 0.69, 0.22, 
//Line 7
1.0, 0.69, 0.22, 1.0, 0.76, 0.41, 1.0, 0.9, 0.75, 1.0, 0.69, 0.22, 1.0, 0.69, 0.22, 1.0, 0.83, 0.57, 
//Line 8
1.0, 0.69, 0.22, 1.0, 0.83, 0.57, 1.0, 0.83, 0.57, 0.95, 0.61, 0.09, 0.95, 0.61, 0.09, 1.0, 0.9, 0.75, 0.95, 0.61, 0.09, 1.0, 0.9, 0.75, 1.0, 0.69, 0.22, 1.0, 0.69, 0.22, 1.0, 0.83, 0.57, 0.95, 0.61, 0.09, 
//Line 9
1.0, 0.9, 0.75, 1.0, 0.76, 0.41, 0.95, 0.61, 0.09, 0.95, 0.61, 0.09, 1.0, 0.76, 0.41, 1.0, 0.9, 0.75, 1.0, 0.9, 0.75, 1.0, 0.76, 0.41, 1.0, 0.69, 0.22, 0.95, 0.61, 0.09, 0.95, 0.61, 0.09, 1.0, 0.9, 0.75, 
//Line 10
1.0, 0.9, 0.75, 0.95, 0.61, 0.09, 1.0, 0.76, 0.41, 0.95, 0.61, 0.09, 1.0, 0.76, 0.41, 1.0, 0.76, 0.41, 1.0, 0.69, 0.22, 1.0, 0.83, 0.57, 0.95, 0.61, 0.09, 1.0, 0.69, 0.22, 1.0, 0.9, 0.75, 0.95, 0.61, 0.09, 
//Line 11
1.0, 0.83, 0.57, 1.0, 0.9, 0.75, 1.0, 0.9, 0.75, 1.0, 0.69, 0.22, 1.0, 0.83, 0.57, 1.0, 0.69, 0.22, 0.95, 0.61, 0.09, 1.0, 0.69, 0.22, 1.0, 0.69, 0.22, 1.0, 0.76, 0.41, 1.0, 0.9, 0.75, 0.95, 0.61, 0.09, 
//Line 12
1.0, 0.83, 0.57, 1.0, 0.76, 0.41, 0.95, 0.61, 0.09, 0.95, 0.61, 0.09, 1.0, 0.76, 0.41, 1.0, 0.9, 0.75, 
