//Line 12
0.0, 0.0, 60.0, 40.0, 0.0, 60.0, 0.0, 5.0, 60.0, 0.0, 5.0, 60.0, 40.0, 5.0, 60.0, 40.0, 0.0, 60.0, /*NEW WALL*/ 45.0, 0.0, 60.0, 60.0, 0.0, 60.0, 45.0, 5.0, 60.0, 45.0, 5.0, 60.0, 60.0, 5.0, 60.0, 60.0, 0.0, 60.0,
//Line 11
5.0, 0.0, 55.0, 15.0, 0.0, 55.0, 5.0, 5.0, 55.0, 5.0, 5.0, 55.0, 15.0, 5.0, 55.0, 15.0, 0.0, 55.0, /*NEW WALL*/ 35.0, 0.0, 55.0, 55.0, 0.0, 55.0, 35.0, 5.0, 55.0, 35.0, 5.0, 55.0, 55.0, 5.0, 55.0, 55.0, 0.0, 55.0,
//Line 10
5.0, 0.0, 50.0, 15.0, 0.0, 50.0, 5.0, 5.0, 50.0, 5.0, 5.0, 50.0, 15.0, 5.0, 50.0, 15.0, 0.0, 50.0, /*NEW WALL*/ 20.0, 0.0, 50.0, 45.0, 0.0, 50.0, 20.0, 5.0, 50.0, 20.0, 5.0, 50.0, 45.0, 5.0, 50.0, 45.0, 0.0, 50.0,
//Line 9
5.0, 0.0, 45.0, 10.0, 0.0, 45.0, 5.0, 5.0, 45.0, 5.0, 5.0, 45.0, 10.0, 5.0, 45.0, 10.0, 0.0, 45.0, /*NEW WALL*/ 15.0, 0.0, 45.0, 25.0, 0.0, 45.0, 15.0, 5.0, 45.0, 15.0, 5.0, 45.0, 25.0, 5.0, 45.0, 25.0, 0.0, 45.0, /*NEW WALL*/ 30.0, 0.0, 45.0, 35.0, 0.0, 45.0, 30.0, 5.0, 45.0, 30.0, 5.0, 45.0, 35.0, 5.0, 45.0, 35.0, 0.0, 45.0,
//Line 8
5.0, 0.0, 40.0, 10.0, 0.0, 40.0, 5.0, 5.0, 40.0, 5.0, 5.0, 40.0, 10.0, 5.0, 40.0, 10.0, 0.0, 40.0,
//Line 7
0.0, 0.0, 35.0, 5.0, 0.0, 35.0, 0.0, 5.0, 35.0, 0.0, 5.0, 35.0, 5.0, 5.0, 35.0, 5.0, 0.0, 35.0, /*NEW WALL*/ 40.0, 0.0, 35.0, 45.0, 0.0, 35.0, 40.0, 5.0, 35.0, 40.0, 5.0, 35.0, 45.0, 5.0, 35.0, 45.0, 0.0, 35.0, /*NEW WALL*/ 50.0, 0.0, 35.0, 55.0, 0.0, 35.0, 50.0, 5.0, 35.0, 50.0, 5.0, 35.0, 55.0, 5.0, 35.0, 55.0, 0.0, 35.0,
//Line 6
0.0, 0.0, 30.0, 5.0, 0.0, 30.0, 0.0, 5.0, 30.0, 0.0, 5.0, 30.0, 5.0, 5.0, 30.0, 5.0, 0.0, 30.0, /*NEW WALL*/ 30.0, 0.0, 30.0, 55.0, 0.0, 30.0, 30.0, 5.0, 30.0, 30.0, 5.0, 30.0, 55.0, 5.0, 30.0, 55.0, 0.0, 30.0,
//Line 5
5.0, 0.0, 25.0, 10.0, 0.0, 25.0, 5.0, 5.0, 25.0, 5.0, 5.0, 25.0, 10.0, 5.0, 25.0, 10.0, 0.0, 25.0, /*NEW WALL*/ 15.0, 0.0, 25.0, 25.0, 0.0, 25.0, 15.0, 5.0, 25.0, 15.0, 5.0, 25.0, 25.0, 5.0, 25.0, 25.0, 0.0, 25.0, /*NEW WALL*/ 30.0, 0.0, 25.0, 40.0, 0.0, 25.0, 30.0, 5.0, 25.0, 30.0, 5.0, 25.0, 40.0, 5.0, 25.0, 40.0, 0.0, 25.0,
//Line 4
0.0, 0.0, 20.0, 5.0, 0.0, 20.0, 0.0, 5.0, 20.0, 0.0, 5.0, 20.0, 5.0, 5.0, 20.0, 5.0, 0.0, 20.0, /*NEW WALL*/ 20.0, 0.0, 20.0, 25.0, 0.0, 20.0, 20.0, 5.0, 20.0, 20.0, 5.0, 20.0, 25.0, 5.0, 20.0, 25.0, 0.0, 20.0,
//Line 3
0.0, 0.0, 15.0, 10.0, 0.0, 15.0, 0.0, 5.0, 15.0, 0.0, 5.0, 15.0, 10.0, 5.0, 15.0, 10.0, 0.0, 15.0, /*NEW WALL*/ 15.0, 0.0, 15.0, 25.0, 0.0, 15.0, 15.0, 5.0, 15.0, 15.0, 5.0, 15.0, 25.0, 5.0, 15.0, 25.0, 0.0, 15.0,
//Line 2
5.0, 0.0, 10.0, 10.0, 0.0, 10.0, 5.0, 5.0, 10.0, 5.0, 5.0, 10.0, 10.0, 5.0, 10.0, 10.0, 0.0, 10.0, /*NEW WALL*/ 15.0, 0.0, 10.0, 25.0, 0.0, 10.0, 15.0, 5.0, 10.0, 15.0, 5.0, 10.0, 25.0, 5.0, 10.0, 25.0, 0.0, 10.0, /*NEW WALL*/ 30.0, 0.0, 10.0, 40.0, 0.0, 10.0, 30.0, 5.0, 10.0, 30.0, 5.0, 10.0, 40.0, 5.0, 10.0, 40.0, 0.0, 10.0, /*NEW WALL*/ 45.0, 0.0, 10.0, 50.0, 0.0, 10.0, 45.0, 5.0, 10.0, 45.0, 5.0, 10.0, 50.0, 5.0, 10.0, 50.0, 0.0, 10.0,
//Line 1
20.0, 0.0, 5.0, 55.0, 0.0, 5.0, 20.0, 5.0, 5.0, 20.0, 5.0, 5.0, 55.0, 5.0, 5.0, 55.0, 0.0, 5.0,
//Line 0
0.0, 0.0, 0.0, 10.0, 0.0, 0.0, 0.0, 5.0, 0.0, 0.0, 5.0, 0.0, 10.0, 5.0, 0.0, 10.0, 0.0, 0.0, /*NEW WALL*/ 15.0, 0.0, 0.0, 60.0, 0.0, 0.0, 15.0, 5.0, 0.0, 15.0, 5.0, 0.0, 60.0, 5.0, 0.0, 60.0, 0.0, 0.0,

//==================================================================

// VERTICAL LINES

//Line 0
0.0, 0.0, 60.0, 0.0, 0.0, 0.0, 0.0, 5.0, 60.0, 0.0, 5.0, 60.0, 0.0, 5.0, 0.0, 0.0, 0.0, 0.0,
//Line 1
5.0, 0.0, 45.0, 5.0, 0.0, 40.0, 5.0, 5.0, 45.0, 5.0, 5.0, 45.0, 5.0, 5.0, 40.0, 5.0, 0.0, 40.0, /*NEW WALL*/ 5.0, 0.0, 35.0, 5.0, 0.0, 30.0, 5.0, 5.0, 35.0, 5.0, 5.0, 35.0, 5.0, 5.0, 30.0, 5.0, 0.0, 30.0, /*NEW WALL*/ 5.0, 0.0, 20.0, 5.0, 0.0, 15.0, 5.0, 5.0, 20.0, 5.0, 5.0, 20.0, 5.0, 5.0, 15.0, 5.0, 0.0, 15.0, /*NEW WALL*/ 5.0, 0.0, 10.0, 5.0, 0.0, 5.0, 5.0, 5.0, 10.0, 5.0, 5.0, 10.0, 5.0, 5.0, 5.0, 5.0, 0.0, 5.0,
//Line 2
10.0, 0.0, 45.0, 10.0, 0.0, 15.0, 10.0, 5.0, 45.0, 10.0, 5.0, 45.0, 10.0, 5.0, 15.0, 10.0, 0.0, 15.0, /*NEW WALL*/ 10.0, 0.0, 10.0, 10.0, 0.0, 0.0, 10.0, 5.0, 10.0, 10.0, 5.0, 10.0, 10.0, 5.0, 0.0, 10.0, 0.0, 0.0,
//Line 3
15.0, 0.0, 55.0, 15.0, 0.0, 15.0, 15.0, 5.0, 55.0, 15.0, 5.0, 55.0, 15.0, 5.0, 15.0, 15.0, 0.0, 15.0, /*NEW WALL*/ 15.0, 0.0, 10.0, 15.0, 0.0, 0.0, 15.0, 5.0, 10.0, 15.0, 5.0, 10.0, 15.0, 5.0, 0.0, 15.0, 0.0, 0.0,
//Line 4
20.0, 0.0, 60.0, 20.0, 0.0, 50.0, 20.0, 5.0, 60.0, 20.0, 5.0, 60.0, 20.0, 5.0, 50.0, 20.0, 0.0, 50.0,
//Line 5
25.0, 0.0, 45.0, 25.0, 0.0, 25.0, 25.0, 5.0, 45.0, 25.0, 5.0, 45.0, 25.0, 5.0, 25.0, 25.0, 0.0, 25.0, /*NEW WALL*/ 25.0, 0.0, 20.0, 25.0, 0.0, 15.0, 25.0, 5.0, 20.0, 25.0, 5.0, 20.0, 25.0, 5.0, 15.0, 25.0, 0.0, 15.0, /*NEW WALL*/ 25.0, 0.0, 10.0, 25.0, 0.0, 5.0, 25.0, 5.0, 10.0, 25.0, 5.0, 10.0, 25.0, 5.0, 5.0, 25.0, 0.0, 5.0,
//Line 6
30.0, 0.0, 60.0, 30.0, 0.0, 50.0, 30.0, 5.0, 60.0, 30.0, 5.0, 60.0, 30.0, 5.0, 50.0, 30.0, 0.0, 50.0, /*NEW WALL*/ 30.0, 0.0, 45.0, 30.0, 0.0, 30.0, 30.0, 5.0, 45.0, 30.0, 5.0, 45.0, 30.0, 5.0, 30.0, 30.0, 0.0, 30.0, /*NEW WALL*/ 30.0, 0.0, 25.0, 30.0, 0.0, 10.0, 30.0, 5.0, 25.0, 30.0, 5.0, 25.0, 30.0, 5.0, 10.0, 30.0, 0.0, 10.0,
//Line 7
35.0, 0.0, 45.0, 35.0, 0.0, 40.0, 35.0, 5.0, 45.0, 35.0, 5.0, 45.0, 35.0, 5.0, 40.0, 35.0, 0.0, 40.0,
//Line 8
40.0, 0.0, 50.0, 40.0, 0.0, 35.0, 40.0, 5.0, 50.0, 40.0, 5.0, 50.0, 40.0, 5.0, 35.0, 40.0, 0.0, 35.0, /*NEW WALL*/ 40.0, 0.0, 25.0, 40.0, 0.0, 10.0, 40.0, 5.0, 25.0, 40.0, 5.0, 25.0, 40.0, 5.0, 10.0, 40.0, 0.0, 10.0,
//Line 9
45.0, 0.0, 45.0, 45.0, 0.0, 30.0, 45.0, 5.0, 45.0, 45.0, 5.0, 45.0, 45.0, 5.0, 30.0, 45.0, 0.0, 30.0, /*NEW WALL*/ 45.0, 0.0, 25.0, 45.0, 0.0, 10.0, 45.0, 5.0, 25.0, 45.0, 5.0, 25.0, 45.0, 5.0, 10.0, 45.0, 0.0, 10.0,
//Line 10
50.0, 0.0, 50.0, 50.0, 0.0, 35.0, 50.0, 5.0, 50.0, 50.0, 5.0, 50.0, 50.0, 5.0, 35.0, 50.0, 0.0, 35.0, /*NEW WALL*/ 50.0, 0.0, 25.0, 50.0, 0.0, 10.0, 50.0, 5.0, 25.0, 50.0, 5.0, 25.0, 50.0, 5.0, 10.0, 50.0, 0.0, 10.0,
//Line 11
55.0, 0.0, 55.0, 55.0, 0.0, 35.0, 55.0, 5.0, 55.0, 55.0, 5.0, 55.0, 55.0, 5.0, 35.0, 55.0, 0.0, 35.0, /*NEW WALL*/ 55.0, 0.0, 30.0, 55.0, 0.0, 5.0, 55.0, 5.0, 30.0, 55.0, 5.0, 30.0, 55.0, 5.0, 5.0, 55.0, 0.0, 5.0,
//Line 12
60.0, 0.0, 60.0, 60.0, 0.0, 0.0, 60.0, 5.0, 60.0, 60.0, 5.0, 60.0, 60.0, 5.0, 0.0, 60.0, 0.0, 0.0,
